age,generation,F,M
0,other,418.5885,418.5885
1,other,422.3065,422.3065
2,other,422.656,422.656
3,other,430.0435,430.0435
4,other,446.6255,446.6255
5,other,472.0745,472.0745
6,other,498.6245,498.6245
7,other,508.128,508.128
8,other,514.9455,514.9455
9,other,521.8975,521.8975
10,other,525.7495,525.7495
11,other,535.1305,535.1305
12,other,544.148,544.148
13,other,551.2155,551.2155
14,other,556.7375,556.7375
15,other,557.5255,557.5255
16,other,554.132,554.132
17,other,558.7955,558.7955
18,other,572.3695,572.3695
19,other,586.2335,586.2335
20,other,599.554,599.554
21,other,613.289,613.289
22,other,617.635,617.635
23,other,617.837,617.837
24,other,621.5865,621.5865
25,other,622.9625,622.9625
26,other,620.325,620.325
27,other,626.2075,626.2075
28,other,627.2695,627.2695
29,other,621.0315,621.0315
30,other,629.1565,629.1565
31,other,631.607,631.607
32,other,637.2015,637.2015
33,other,656.832,656.832
34,other,673.471,673.471
35,other,677.1095,677.1095
36,other,689.6895,689.6895
37,other,710.474,710.474
38,other,721.7275,721.7275
39,other,726.587,726.587
40,other,731.826,731.826
41,other,755.1195,755.1195
42,Lost generation,787.933,787.933
43,Lost generation,818.545,818.545
44,Lost generation,848.246,848.246
45,Lost generation,879.102,879.102
46,Lost generation,917.1645,917.1645
47,Lost generation,964.5375,964.5375
48,Lost generation,1005.2485,1005.2485
49,Lost generation,1002.25,1002.25
50,Lost generation,968.5185,968.5185
51,Lost generation,935.104,935.104
52,Lost generation,907.0575,907.0575
53,other,893.998,893.998
54,other,903.298,903.298
55,other,794.97,794.97
56,other,758.6345,758.6345
57,other,831.076,831.076
58,other,803.9585,803.9585
59,other,771.2505,771.2505
60,other,746.322,746.322
61,other,732.905,732.905
62,other,728.4475,728.4475
63,other,727.9195,727.9195
64,other,707.095,707.095
65,other,699.1045,699.1045
66,other,721.8175,721.8175
67,other,727.469,727.469
68,other,730.8155,730.8155
69,other,756.5045,756.5045
70,other,791.599,791.599
71,other,836.565,836.565
72,Babyboomers,922.079,922.079
73,Babyboomers,978.8395,978.8395
74,Babyboomers,950.115,950.115
75,Babyboomers,783.0655,783.0655
76,Babyboomers,599.6595,599.6595
77,Babyboomers,592.562,592.562
78,other,635.1025,635.1025
79,other,632.766,632.766
80,other,615.8465,615.8465
81,other,567.829,567.829
82,other,485.4925,485.4925
83,other,428.308,428.308
84,other,409.0995,409.0995
85,other,389.2505,389.2505
86,other,351.4685,351.4685
87,other,302.1955,302.1955
88,other,257.5455,257.5455
89,other,217.6625,217.6625
90,other,181.538,181.538
91,other,149.2995,149.2995
92,other,120.1575,120.1575
93,other,95.6435,95.6435
94,other,75.4425,75.4425
95,other,58.334,58.334
96,other,42.34,42.34
97,other,28.439,28.439
98,other,18.1285,18.1285
99,other,11.223,11.223
100,other,16.547,16.547
